# Created by Octave 3.2.4, Fri Dec 10 13:38:24 2010 CET <krieger@suspc24>
# name: data_z
# type: matrix
# rows: 45
# columns: 354
 0 0 0 0 0 0 0 0 0 0 0 0 0 0 0 0 0 0 0 0 0 0 0 0 0 0 0 0 0 0 0 0 0 0 0 0 0 0 0 0 0 0 0 0 0 0 0 0 0 0 0 0 0 0 0 0 0 0 0 0 0 0 0 0 0 0 0 0 0 0 0 0 0 0 0 0 0 0 0 0 0 0 0 0 0 0 0 0 0 0 0 0 0 0 0 0 0 0 0 0 0 0 0 0 0 0 0 0 0 0 0 0 0 0 0 0 0 0 0 0 0 0 0 0 0 0 0 0 0 0 0 0 0 0 0 0 0 0 0 0 0 0 0 0 0 0 0 0 0 0 0 0 0 0 0 0 0 0 0 0 0 0 0 0 0 0 0 0 0 0 0 0 0 0 0 0 0 0 0 0 0 0 0 0 0 0 0 0 0 0 0 0 0 0 0 0 0 0 0 0 0 0 0 0 0 0 0 0 0 0 0 0 0 0 0 0 0 0 0 0 0 0 0 0 0 0 0 0 0 0 0 0 0 0 0 0 0 0 0 0 0 0 0 0 0 0 0 0 0 0 0 0 0 0 0 0 0 0 0 0 0 0 0 0 0 0 0 0 0 0 0 0 0 0 0 0 0 0 0 0 0 0 0 0 0 0 0 0 0 0 0 0 0 0 0 0 0 0 0 0 0 0 0 0 0 0 0 0 0 0 0 0 0 0 0 0 0 0 0 0 0 0 0 0 0 0 0 0 0 0 0 0 0 0 0 0 0 0 0 0 0 0 0 0 0 0 0 0 0 0 0 0 0 0
 15 1 -4 8 -5 -4 1 2 4 14 -7 -9 1 0 4 -20 -2 12 -1 -1 -3 6 3 3 3 1 7 -5 5 -8 -8 1 1 0 1 10 7 -2 -1 2 -3 -7 6 -4 1 1 -2 1 0 0 2 2 2 4 0 -1 8 -7 3 5 -5 9 1 -4 3 5 -2 1 3 1 -6 1 -2 -6 4 -1 1 0 -1 3 4 9 5 1 -4 -1 2 -3 4 2 -11 2 5 -1 10 1 0 4 -4 -1 14 -2 -6 -1 5 -2 -4 -2 -4 0 -4 -8 2 0 3 -1 -6 4 3 12 10 -2 4 5 0 7 4 1 2 3 -1 22 3 5 0 0 0 17 0 0 -2 7 -3 -1 -3 3 0 -2 5 -3 8 3 -2 -3 -3 4 2 -3 2 2 -5 -1 6 1 0 -11 0 35 2 -1 -2 4 1 5 4 -1 2 -2 -3 8 -2 -1 -4 3 0 2 2 1 -8 0 7 -1 7 1 -5 1 0 -1 0 1 8 8 0 4 -6 2 -1 13 -4 0 -2 0 2 -4 -3 6 -1 -1 -3 6 3 1 -2 0 -3 4 -1 -1 11 0 -4 0 -3 1 -4 -1 9 0 2 4 -5 0 10 13 -10 -5 -6 1 -3 -1 -1 -13 -1 -1 -1 13 -1 14 2 0 -1 4 4 6 0 5 -1 18 -1 2 -3 -1 1 -6 -1 -3 0 0 12 16 22 -1 -6 -2 -2 13 0 -1 -6 0 1 0 1 -1 0 2 -2 9 3 -1 2 1 -3 4 4 -4 3 2 1 -3 0 -1 -4 1 11 -3 -5 2 1 -10 -1 -1 2 4 -1 0 -4 -11 -2 10 1 1 21 7 -11 4 8 6 -2 -5 0 0 -4 2 -1 -2 11 -1 12 -1 -1 5 7 0
 39 2 0 21 5 -6 4 16 6 13 0 -11 6 2 -4 -24 -3 14 29 9 1 11 11 31 13 3 17 -5 5 -8 -10 1 0 6 2 36 19 -3 1 2 -2 -13 22 1 -2 2 -11 -3 1 1 2 3 3 7 2 -1 -7 5 5 0 0 9 8 -5 4 8 6 5 2 7 -4 1 1 4 11 0 3 32 9 3 0 11 3 0 2 -2 -7 -10 -2 1 -14 -3 -1 5 12 0 4 -4 -6 -6 13 -4 3 4 3 2 -14 -3 -2 -3 -4 -15 1 -3 14 4 -6 7 7 34 35 -2 7 8 -2 17 18 4 9 4 0 63 7 9 1 3 -7 70 0 2 -3 -1 -5 -3 2 2 3 1 11 -3 7 4 -1 0 4 16 11 -5 -2 6 -6 1 1 0 0 -12 0 153 6 -1 6 23 3 11 13 0 3 13 5 38 2 0 0 1 0 4 4 1 -3 0 2 1 16 3 -12 -1 0 -2 20 4 5 16 0 6 -1 -3 4 13 -1 10 0 0 0 10 -1 1 -2 1 6 10 3 1 3 0 -1 9 -4 2 49 0 -3 7 -5 3 2 3 21 -2 -2 2 -16 -1 1 1 -6 4 8 -1 -9 0 -3 -7 -3 -5 3 5 4 18 13 3 -3 3 5 14 -2 1 7 57 0 27 6 0 1 -10 4 -7 3 0 3 19 3 -1 -8 -2 -6 5 0 4 -6 0 5 0 -6 2 0 2 7 13 7 -3 1 1 -18 -4 2 3 11 6 1 3 0 25 5 -3 14 19 1 -22 10 -11 -3 -6 0 20 5 1 -2 -19 -5 22 10 2 -27 32 38 2 -1 8 -2 9 0 -1 1 1 8 16 16 -1 31 -3 -7 15 2 32
 65 5 4 30 5 -5 1 33 9 26 7 -3 17 2 3 -17 -1 16 73 23 -3 18 4 63 25 4 30 8 9 -6 1 2 8 19 2 66 28 -2 4 3 -4 46 33 12 0 16 -11 6 3 -2 2 18 6 7 3 1 12 8 9 14 5 6 21 -3 10 16 17 6 3 5 -4 -2 -3 5 16 -1 5 117 22 5 2 2 7 4 52 0 -5 -18 -2 -1 -19 -4 0 32 10 1 6 9 -2 0 24 -2 16 9 9 8 -13 -3 -3 0 -2 -16 0 5 40 16 -2 26 10 44 64 -1 4 13 -12 15 48 7 7 9 0 95 19 12 -1 3 -5 128 0 8 -8 1 -5 -1 1 1 8 7 15 -5 1 10 -3 2 10 21 20 -4 -2 4 -10 -1 1 -2 -4 -10 0 228 21 2 4 42 4 11 26 2 2 24 8 95 8 -1 11 -3 0 12 12 0 2 0 8 7 24 2 -5 -9 0 13 55 1 21 13 0 0 14 5 16 30 3 46 11 6 3 27 3 0 1 0 2 14 2 2 12 0 6 13 -5 7 106 0 13 15 -11 3 13 6 24 2 3 4 5 -1 5 -3 -2 24 30 20 -3 -3 -5 14 3 -1 -2 -3 2 17 38 12 -2 11 2 18 -1 10 9 85 -3 65 20 -2 1 -10 5 -3 10 -1 -2 35 8 1 -7 -1 0 6 0 12 6 2 9 7 -6 1 -2 2 -3 24 2 -2 3 1 -6 5 -1 17 68 3 1 4 0 22 4 -2 8 24 11 16 31 1 -3 -8 -2 55 11 4 6 -20 -5 32 23 2 4 -26 -7 6 5 13 -4 32 2 -1 9 2 5 17 15 -2 51 4 -10 31 5 166
 84 7 2 41 9 -6 -1 58 3 42 -2 1 21 2 8 -12 2 20 122 41 0 23 15 111 41 6 56 24 16 -9 0 2 10 38 3 83 39 -2 10 8 -4 141 42 19 3 27 -8 -3 2 0 5 43 -1 24 19 1 26 -2 8 34 10 22 27 -4 16 19 37 10 3 8 -7 -4 -4 7 26 -6 1 199 41 12 2 34 8 10 135 0 -3 -30 -2 -1 -21 -3 7 95 10 4 3 33 0 3 25 2 31 14 4 7 -18 0 -10 -3 9 -12 -2 21 59 30 -3 59 7 41 124 -3 9 26 -13 32 74 12 20 9 -1 106 33 19 -1 3 -7 159 0 13 -5 2 -13 -1 1 2 6 -3 18 -6 -4 20 -3 10 15 34 29 -3 3 -6 -12 1 3 -1 1 -14 0 228 24 3 -2 61 9 17 45 1 1 34 15 149 16 -1 14 -3 0 68 23 3 2 4 4 17 40 9 -3 -10 0 69 102 -1 64 12 0 23 38 11 16 24 5 89 26 12 3 35 1 4 0 -1 24 13 3 5 19 1 6 26 -5 13 185 1 24 17 -8 3 29 12 38 4 -9 11 36 2 17 10 -16 38 78 28 -8 4 -4 61 31 -5 -1 5 3 34 68 16 -11 1 -3 33 0 24 11 96 -3 105 28 1 0 11 12 10 19 -2 8 58 20 -1 -7 -2 4 7 0 26 16 4 4 16 10 1 -1 2 -5 20 6 -3 1 2 -4 18 10 19 144 4 0 10 0 2 7 0 8 40 6 68 60 -10 -2 -8 2 92 19 11 4 -24 -8 59 38 12 27 -26 -11 5 5 20 -4 80 7 -3 18 3 8 2 25 -1 81 1 -6 48 -1 229
 97 11 5 41 27 -3 -1 93 4 60 -4 1 18 1 10 9 15 24 150 63 1 24 10 148 51 16 64 37 11 -1 -1 2 12 59 7 94 49 -3 13 8 -4 160 56 24 0 33 -6 -11 4 2 10 67 -3 61 33 2 35 2 10 43 20 30 31 1 21 31 55 17 -6 5 -9 -6 -5 11 30 -3 2 243 61 15 1 54 8 21 207 1 -12 -31 -4 0 -23 -7 -3 174 9 3 1 44 0 10 23 1 48 20 6 9 -17 -1 -14 -2 12 6 -2 36 82 37 6 77 17 49 170 -2 18 33 -22 79 97 15 34 5 -1 119 36 24 4 9 -2 192 2 18 1 2 -16 0 -1 3 13 14 19 -5 -2 25 -1 2 19 48 42 -2 1 -5 -15 2 2 -4 8 -12 0 228 30 11 0 73 2 14 52 3 1 53 15 188 28 1 25 0 -3 153 28 4 8 5 7 24 49 12 -10 -5 0 111 123 4 100 8 0 64 58 9 20 9 6 116 42 18 2 46 1 6 -3 1 64 -4 2 16 27 2 8 35 -5 16 237 1 42 9 -5 4 39 17 38 6 -4 25 64 -2 7 1 -13 51 133 31 -11 9 -5 100 72 -4 1 6 5 44 99 20 -13 8 5 40 -1 23 15 115 -8 133 44 -1 2 22 10 19 22 -1 3 83 7 -2 -6 -3 1 9 0 32 23 6 11 33 -12 -2 -3 4 0 17 0 -3 -5 -1 -7 35 12 22 182 13 -4 11 5 -2 14 0 12 68 14 94 78 -10 0 -6 2 99 23 13 5 -25 -7 66 41 13 -9 -9 13 4 4 23 -2 135 14 -2 30 3 14 8 23 1 105 5 -9 52 -2 229
 109 10 1 42 28 -8 1 109 6 75 -5 -8 21 1 18 26 17 30 154 73 -8 29 8 164 50 28 74 57 16 3 12 2 11 70 13 98 54 -2 14 7 -4 159 62 34 4 48 -4 -3 9 -3 10 76 -13 84 45 3 36 5 6 43 25 32 34 5 22 33 68 18 -4 -3 -14 -4 -7 11 35 -3 -2 243 74 19 2 62 5 29 229 0 -10 -39 -1 0 -19 -7 -3 174 -2 1 9 75 5 12 33 -1 63 24 10 14 -15 -4 -14 -2 4 16 -9 55 90 50 11 94 20 59 207 -2 12 36 -29 105 107 15 30 12 -2 142 44 26 9 9 -3 214 1 25 -1 -6 -16 -2 -2 2 2 16 15 -7 -10 25 -1 22 19 50 40 -4 9 -6 -18 2 3 2 3 -10 0 228 35 11 4 78 7 19 51 3 1 49 18 188 33 -1 29 4 -2 230 30 9 14 11 8 27 51 20 -6 0 0 140 137 9 126 10 0 96 78 7 24 9 6 122 50 26 9 44 4 15 -1 -2 89 -8 -4 32 30 5 5 35 -5 17 237 1 44 6 -9 4 42 20 41 9 -7 29 77 2 10 1 -11 60 153 52 -12 23 -5 117 98 1 -1 5 2 58 112 27 -9 5 16 41 -3 30 14 118 -10 144 56 -2 2 29 7 22 32 0 3 83 15 2 -7 0 1 7 0 39 30 9 15 30 25 4 2 1 0 11 -4 0 -9 0 -1 111 6 42 182 8 -3 13 0 3 10 -5 7 79 18 101 91 -3 1 -1 10 103 28 30 8 -23 -8 75 46 13 31 -8 -11 3 0 26 -8 167 15 -2 37 3 14 11 21 0 126 12 -7 62 4 229
 110 11 -2 40 27 -3 8 126 0 85 -12 -10 29 1 21 36 29 35 173 95 -7 28 14 176 64 32 93 62 16 -5 9 2 10 88 20 103 65 -2 17 3 3 159 70 37 5 53 -7 0 3 -1 10 83 -13 107 54 2 41 0 7 59 33 48 34 2 23 33 77 22 -3 -3 -19 -3 -7 15 38 0 -2 243 87 25 5 70 9 34 229 1 -10 -32 4 2 -18 -3 10 174 4 4 16 111 2 11 40 -3 71 33 3 6 -28 3 -4 -2 12 16 -5 62 101 56 8 108 21 50 220 -3 15 41 -28 119 113 15 45 13 -9 152 42 28 10 0 -7 219 -1 27 10 -7 -18 -7 -1 3 1 15 17 -7 -14 28 2 25 17 60 46 -3 7 -6 -25 4 4 4 14 -5 0 228 33 16 0 75 7 19 59 2 0 37 2 188 38 -1 32 11 -3 239 38 13 13 26 10 28 60 23 -15 -2 0 159 152 8 150 7 0 117 87 18 42 9 5 127 59 33 11 69 1 11 -3 0 110 -10 -1 49 34 7 4 43 -3 19 237 2 39 5 -1 7 49 23 45 8 -11 13 100 1 20 6 -17 77 170 59 -16 37 -4 137 118 0 1 1 -2 63 122 26 -11 -1 11 47 -2 40 13 115 -12 159 62 1 2 37 12 29 35 -2 12 90 14 0 -5 -2 6 13 0 40 32 10 -37 43 15 1 1 0 -1 -1 -5 -5 -12 0 -3 202 1 52 182 7 -2 12 5 16 6 -4 7 81 16 93 107 -10 1 -1 9 140 42 45 13 -23 -8 76 56 19 81 11 -11 5 4 28 -8 167 23 -3 40 3 15 12 26 -1 142 16 -8 52 9 229
