# Created by Octave 3.2.4, Fri Dec 10 12:07:08 2010 CET <krieger@suspc24>
# name: xsort
# type: matrix
# rows: 45
# columns: 354
 0 10 11 0 10 5 7 16 10 4 9 12 0 4 11 12 13 12 10 18 10 12 11 19 19 16 17 11 24 20 15 13 14 3 22 12 7 32 14 14 10 20 21 18 12 15 9 22 10 19 29 8 23 39 22 26 26 9 23 0 6 16 21 23 35 21 31 15 15 17 17 16 10 7 28 35 24 31 59 7 0 27 19 26 5 28 22 41 12 22 0 45 31 13 35 31 29 65 37 22 25 30 53 6 14 32 11 15 22 18 34 46 10 10 25 33 60 43 20 17 53 18 55 33 24 15 39 39 22 35 28 37 66 33 41 30 25 39 30 41 52 18 72 30 12 39 63 15 29 45 15 17 48 44 49 21 24 48 20 15 21 39 20 36 27 16 49 40 41 38 49 40 96 55 21 54 39 28 13 27 53 41 9 20 53 52 44 16 17 53 17 45 43 53 50 51 48 31 31 15 44 16 58 19 54 64 58 65 23 61 30 47 40 49 34 39 55 54 42 51 47 72 68 58 13 71 27 52 54 58 56 67 74 35 65 43 70 26 72 74 68 71 53 64 72 17 58 66 84 57 51 70 55 67 85 79 77 74 10 73 68 84 34 63 74 47 82 38 51 46 62 46 57 81 54 87 85 39 78 35 87 90 53 92 84 86 90 85 12 43 100 53 75 11 36 99 96 39 92 26 84 73 89 59 110 97 53 97 58 95 98 67 96 110 57 48 52 84 63 93 96 73 100 90 35 41 88 90 56 84 35 99 84 90 58 22 30 13 27 97 92 82 67 88 38 81 26 73 95 12 16 18 26 27
 0 13 0 0 8 7 6 15 8 4 9 13 0 8 11 12 12 13 14 12 12 13 11 16 20 14 16 16 21 19 14 16 14 8 20 13 7 31 14 15 8 19 18 14 13 23 9 23 10 18 39 7 22 41 21 34 23 14 20 0 10 17 21 22 38 23 30 16 17 16 23 13 13 6 27 25 25 31 56 7 0 27 21 26 8 31 28 43 11 20 0 45 29 12 32 27 29 60 26 23 25 27 52 9 19 39 12 14 23 23 30 48 5 11 24 33 60 50 22 23 64 17 52 26 27 15 37 42 16 48 27 37 60 28 40 34 26 41 32 32 56 25 74 27 10 40 53 13 41 41 17 12 47 46 50 24 21 47 25 14 21 33 16 36 28 17 38 49 42 38 45 42 92 56 25 55 42 27 13 25 52 42 10 16 75 51 52 15 26 51 15 57 44 49 53 53 50 37 27 12 46 20 56 26 59 62 62 54 23 66 31 57 39 49 40 44 68 53 48 31 43 73 60 69 27 84 27 51 64 59 48 68 77 42 58 44 68 24 78 76 73 71 61 58 74 16 59 70 83 71 60 72 56 63 82 80 74 70 9 65 67 81 35 75 73 42 86 40 46 46 71 40 60 85 58 84 86 36 77 39 85 88 53 87 83 86 94 85 14 47 97 68 73 13 35 106 95 51 90 30 89 78 85 53 106 95 56 91 72 93 90 83 109 106 67 52 56 83 70 97 104 68 96 92 37 63 90 94 43 88 38 120 91 87 58 21 29 30 37 115 100 76 75 83 42 80 22 76 88 12 18 29 26 62
 0 17 49 0 8 7 7 17 7 4 10 6 0 2 11 12 12 13 12 10 11 13 11 16 20 14 15 22 19 19 17 15 12 6 23 12 7 32 15 17 5 17 25 17 14 14 11 19 10 19 41 5 27 37 21 33 21 14 25 0 11 17 20 23 38 22 35 17 16 18 18 14 15 3 25 24 27 28 58 9 0 27 25 25 16 35 23 41 15 18 0 43 28 15 30 25 32 59 23 26 29 33 53 10 23 31 14 20 27 26 39 47 15 13 22 40 53 45 24 25 69 19 60 38 28 18 40 40 16 36 27 35 62 34 35 32 28 36 32 30 54 20 75 30 14 39 57 18 43 40 26 17 46 50 56 28 17 43 21 19 21 43 21 36 37 16 37 53 45 41 47 37 82 59 30 52 42 32 15 16 53 40 10 21 56 55 60 20 26 50 17 48 45 53 54 54 46 45 33 21 50 32 65 38 53 63 64 46 24 72 32 69 40 49 56 39 60 55 53 27 50 69 60 72 26 76 24 77 55 58 46 68 76 51 65 42 68 32 82 67 71 74 74 58 72 26 64 62 77 75 72 72 63 67 67 84 76 68 19 70 76 74 44 97 71 51 89 41 46 52 73 49 70 84 67 88 86 58 75 31 93 87 63 80 78 86 90 86 25 61 91 92 88 27 33 131 103 70 86 32 92 88 86 58 106 113 67 87 71 97 83 86 109 108 93 55 72 88 80 104 89 57 110 99 62 104 66 113 49 91 66 72 101 96 78 51 28 83 62 154 97 90 105 97 34 86 28 84 82 44 20 67 58 180
 0 12 4 0 9 7 6 16 8 4 7 6 0 2 11 11 14 13 16 11 12 14 11 14 17 15 18 26 19 18 16 14 13 10 19 13 9 29 17 17 5 19 31 21 14 20 11 20 10 17 39 3 28 42 23 27 15 18 24 0 8 16 20 25 37 21 33 20 14 16 18 12 19 2 26 36 29 31 62 15 0 25 22 25 9 38 22 39 18 20 2 33 28 20 31 26 32 55 18 29 31 34 53 16 26 33 15 26 28 34 38 49 15 14 29 48 55 51 32 30 68 25 63 41 34 25 46 36 28 32 30 39 62 44 33 34 27 35 33 38 51 23 78 32 20 37 61 27 45 42 35 22 48 48 54 40 21 47 30 27 27 44 32 36 50 20 39 64 42 50 46 45 83 56 34 54 44 37 16 16 52 32 11 29 61 50 57 32 23 52 28 43 45 57 59 53 46 49 44 35 65 37 55 47 54 61 67 45 27 72 46 79 37 56 67 53 61 58 60 34 64 78 62 66 37 68 32 74 59 66 57 68 77 59 72 63 66 43 86 69 77 79 83 62 75 39 75 69 74 74 75 72 76 78 79 88 83 72 33 75 73 66 65 107 72 71 86 56 59 65 64 62 82 92 80 84 86 63 75 44 91 82 99 87 84 82 92 84 50 91 97 118 99 44 39 73 105 90 92 26 97 104 102 73 108 114 93 87 84 103 82 102 126 116 123 55 107 100 78 109 108 78 127 97 100 136 104 132 70 110 98 103 114 92 113 95 43 141 91 182 113 112 162 120 43 113 78 141 141 129 28 124 192 255
 0 16 0 0 8 7 6 15 8 4 9 22 0 2 11 10 12 14 15 11 13 14 12 13 15 13 17 29 11 19 16 15 14 11 18 16 11 29 16 17 2 19 36 23 15 20 11 22 11 20 39 4 35 30 23 22 18 25 24 0 3 19 18 24 38 19 34 22 14 18 20 12 18 2 25 25 25 28 60 20 0 26 23 28 20 35 26 43 24 24 7 32 31 26 32 25 32 53 16 34 28 40 52 22 33 34 20 34 32 37 41 47 19 16 26 50 53 47 43 37 78 35 70 31 44 34 36 36 38 45 31 41 59 39 33 41 34 36 38 42 62 17 71 40 28 38 47 34 49 41 44 27 48 38 57 54 34 43 44 41 33 46 39 40 65 26 35 60 40 54 39 51 78 54 47 57 51 42 32 19 47 31 14 38 73 51 56 46 39 55 43 53 55 55 59 52 51 64 60 43 68 50 53 58 61 61 61 41 34 78 57 106 44 65 76 73 62 64 65 39 66 69 59 66 38 76 48 54 71 68 56 67 77 75 63 71 66 63 85 71 72 77 94 61 75 58 79 74 78 91 89 75 82 81 81 83 83 74 51 75 76 54 94 104 63 85 91 81 75 84 96 77 98 82 99 87 85 79 76 68 85 85 142 89 87 87 92 84 80 117 92 137 109 69 67 73 107 120 96 49 110 121 113 97 119 99 112 108 100 102 86 125 120 114 140 72 144 100 95 119 122 109 135 110 140 147 156 151 117 143 146 126 140 114 160 144 99 172 151 193 156 160 216 168 56 176 161 217 236 211 84 203 255 255
 0 10 24 5 7 9 8 17 7 1 11 0 0 0 13 11 11 11 14 12 13 14 12 14 13 14 14 30 8 21 13 16 13 11 17 15 13 24 18 18 3 20 40 24 19 19 10 22 12 18 38 3 33 35 24 24 21 20 22 0 11 20 19 26 37 19 36 26 15 19 19 12 20 2 25 25 26 29 60 25 0 24 32 24 15 45 28 43 29 23 14 23 30 29 33 28 38 50 14 37 26 41 52 27 38 34 13 38 39 49 48 41 37 26 30 42 58 50 48 40 76 42 70 35 49 37 53 39 45 36 39 43 57 47 35 55 37 32 38 42 64 16 69 32 40 35 50 42 53 46 57 37 49 39 54 57 43 44 43 47 39 50 44 41 68 37 37 57 45 58 35 49 79 54 56 54 54 48 46 21 50 36 25 50 60 53 52 53 47 68 59 48 56 58 55 52 49 71 70 59 74 64 58 68 51 63 62 40 36 75 63 113 49 82 90 82 64 67 66 60 69 61 67 70 36 77 63 50 61 70 55 69 68 84 61 74 68 81 68 62 74 84 94 70 74 78 76 76 75 101 89 80 86 92 78 90 85 74 73 81 82 53 112 112 61 98 100 105 88 105 116 94 108 89 106 88 81 107 78 79 87 91 169 82 94 94 91 89 111 140 89 150 128 104 108 90 111 144 93 90 117 125 131 117 122 105 135 119 118 104 104 150 105 115 151 109 151 104 142 123 131 137 146 124 168 160 182 163 156 161 183 90 148 154 181 172 141 205 197 212 192 215 255 223 73 255 233 255 255 255 169 255 255 255
 0 6 0 0 10 6 6 14 8 2 6 37 0 3 12 12 15 12 13 11 13 14 12 12 15 14 16 26 8 20 19 15 11 8 15 13 16 22 23 18 2 18 40 24 25 15 10 17 15 17 27 3 30 32 25 16 17 25 21 0 22 25 19 26 31 12 33 25 15 19 20 12 16 2 28 32 22 29 63 32 0 29 27 28 13 48 37 51 32 21 15 16 27 30 31 23 38 47 18 37 34 43 51 28 40 26 18 43 40 51 44 37 38 38 37 39 57 51 50 43 74 45 73 38 49 47 55 43 52 36 39 46 52 51 40 59 45 32 37 33 58 22 59 52 45 41 52 45 59 50 55 42 48 38 46 65 46 49 50 54 47 50 54 47 73 45 39 51 50 65 35 47 81 56 56 58 58 52 58 23 50 41 41 57 68 51 54 66 49 70 67 48 56 54 62 52 57 72 73 71 79 66 58 73 51 63 64 42 53 80 78 122 63 79 96 82 62 68 71 77 89 69 71 65 46 76 82 55 64 69 68 69 70 86 60 95 62 94 64 64 78 73 95 75 81 91 79 84 77 115 92 80 89 96 84 94 82 79 83 87 82 45 125 122 65 107 94 114 108 116 124 109 107 86 105 79 82 118 79 110 91 89 175 86 96 89 92 94 124 150 88 162 124 120 134 91 110 165 93 122 120 135 133 137 114 108 143 126 133 109 114 150 105 118 155 132 155 108 168 128 132 150 144 120 179 183 189 168 173 178 199 130 158 179 195 176 170 227 234 215 218 235 255 255 149 255 255 255 254 255 246 255 255 255
