# Created by Octave 3.2.4, Wed Dec 08 14:50:53 2010 CET <krieger@suspc24>
# name: data
# type: matrix
# rows: 45
# columns: 354
 53 15 53 53 10 31 55 11 58 58 65 41 58 9 66 51 53 29 22 10 87 42 5 35 57 10 84 51 9 68 56 12 58 46 12 57 19 10 54 30 16 95 34 20 54 30 27 72 14 9 70 38 72 48 13 22 96 33 10 39 17 17 55 45 6 18 26 22 74 49 66 19 22 39 93 53 24 12 17 39 90 62 3 16 26 48 74 84 4 15 37 39 54 81 29 12 25 35 74 84 13 22 46 28 68 95 96 31 49 31 110 98 21 27 53 16 64 84 28 63 27 16 82 84 45 63 43 22 90 50 53 41 21 14 85 29 60 13 11 7 90 32 24 20 23 13 71 39 11 19 26 24 64 30 21 16 15 35 48 44 65 17 17 39 86 49 0 27 44 28 87 90 11 61 54 23 51 75 55 67 12 7 67 39 4 16 20 16 73 36 43 18 35 25 92 41 0 30 58 41 92 44 0 26 59 40 84 96 18 53 17 21 72 100 59 22 17 16 90 72 35 9 15 10 77 21 7 13 18 11 89 33 26 14 31 12 51 37 39 30 73 26 54 35 63 47 82 43 100 40 8 56 36 48 52 71 31 57 12 38 74 81 6 31 14 20 96 97 32 35 15 19 67 97 23 24 15 12 45 67 53 13 18 10 92 55 0 15 22 7 79 49 12 15 27 5 58 40 10 28 46 12 85 38 52 47 73 19 85 30 0 52 34 22 58 39 33 88 34 35 78 41 41 52 15 23 110 65 10 47 27 43 99 99 11 10 15 17 70 88 0 21 20 10 68 97 53 20 39 25 84 73 18 26
 68 16 49 61 5 27 56 13 62 72 58 32 59 9 70 31 51 41 21 9 84 48 8 38 60 11 91 46 14 60 48 13 59 46 13 67 26 8 53 32 13 88 40 16 55 31 25 73 14 9 72 40 74 52 13 21 104 26 13 44 12 26 56 41 9 23 24 23 77 50 60 20 20 33 97 52 25 12 16 42 94 71 8 17 22 47 76 81 8 17 26 41 59 80 39 13 25 39 70 83 27 20 40 27 73 93 92 29 45 31 106 90 23 27 56 15 58 88 31 75 37 14 86 89 45 70 47 23 92 53 52 63 24 19 85 29 60 30 11 7 88 39 21 19 20 16 71 37 16 16 34 27 62 27 18 20 17 32 50 46 60 16 23 40 86 38 0 62 46 27 85 94 12 66 58 22 53 73 52 75 10 6 63 42 4 18 22 17 65 36 50 17 42 26 87 42 0 29 58 42 100 52 0 30 53 42 83 109 14 53 15 21 74 96 56 28 16 15 87 78 38 10 13 10 74 25 6 12 29 11 85 33 23 15 27 11 60 37 41 34 68 26 64 48 53 42 76 44 97 39 7 43 35 47 51 84 30 71 14 38 73 85 10 37 14 25 95 115 31 37 12 18 68 91 22 21 15 12 57 83 75 12 12 8 90 68 0 14 16 7 80 49 13 14 27 7 56 49 13 27 48 13 82 42 56 43 76 21 86 27 0 51 30 23 69 36 28 90 35 25 77 40 43 56 14 23 106 54 8 57 28 44 120 106 0 14 23 23 68 83 0 21 16 12 67 95 64 19 51 24 83 78 25 26
 92 17 53 74 15 25 59 27 64 71 65 30 64 11 62 27 50 43 51 19 88 53 16 66 70 13 101 46 14 60 46 13 58 52 14 93 38 7 55 32 14 82 56 21 52 32 16 69 15 10 72 41 75 55 15 21 89 38 15 39 17 26 63 40 10 26 32 27 76 56 62 20 23 43 104 53 27 44 26 42 90 73 6 16 28 46 67 74 2 16 23 36 53 86 41 12 29 31 68 78 26 18 49 32 71 97 82 28 47 28 106 83 22 24 67 20 58 91 35 97 62 14 89 92 43 80 61 26 99 54 53 104 28 23 86 32 53 83 11 9 87 31 19 17 25 15 74 40 22 16 33 28 63 30 25 32 26 30 46 50 59 18 18 39 86 37 0 180 50 27 93 113 14 72 67 23 54 88 60 105 14 7 67 40 4 20 24 17 70 36 45 19 51 28 80 40 0 28 78 45 97 60 0 32 58 37 88 109 17 63 17 21 72 110 58 23 15 17 96 82 38 10 18 10 76 30 3 15 67 11 86 40 21 17 33 15 72 35 37 32 57 25 55 36 57 51 90 42 91 40 5 49 33 43 55 76 35 75 25 41 71 84 11 45 12 21 103 154 32 62 21 19 68 87 27 17 18 12 48 86 56 12 10 8 86 60 0 19 16 7 84 49 6 17 27 7 65 53 17 25 47 13 67 34 54 50 84 25 86 33 0 77 39 19 72 58 34 66 44 24 75 35 41 72 20 24 108 46 5 69 37 45 72 131 49 12 14 25 68 97 0 20 21 11 76 113 69 19 70 22 77 88 20 58
 118 20 57 83 15 26 56 44 67 84 72 38 75 11 69 34 52 45 95 33 84 60 9 98 82 14 114 59 18 62 57 14 66 65 14 123 47 8 58 33 12 141 67 32 54 46 16 78 17 7 72 56 78 55 16 23 108 41 19 53 22 23 76 42 16 34 43 28 77 54 62 17 19 44 109 52 29 129 39 44 92 64 10 20 78 48 69 66 2 14 18 35 54 113 39 13 31 44 72 84 37 20 62 37 77 103 83 28 46 31 108 82 21 32 93 32 62 110 38 107 91 15 86 97 33 78 91 29 97 59 53 136 40 26 84 32 55 141 11 15 82 33 19 19 24 14 79 46 26 14 27 34 61 32 31 37 35 31 46 48 55 16 18 37 82 39 0 255 65 30 91 132 15 72 80 25 53 99 63 162 20 6 78 36 4 28 32 16 75 36 51 25 59 27 87 32 0 43 113 42 113 57 0 26 73 45 100 126 21 99 28 27 75 127 62 22 18 16 92 86 37 11 27 10 83 34 2 20 124 11 102 48 15 17 44 18 75 39 42 34 78 25 59 32 61 71 112 63 97 37 3 70 39 47 50 68 33 74 50 50 72 92 8 49 13 30 105 182 29 100 35 17 68 87 28 21 25 11 43 102 61 14 11 9 92 61 0 27 28 9 88 56 6 16 25 7 55 64 12 26 49 13 79 43 51 64 141 22 86 34 0 74 38 20 66 63 44 104 65 36 75 33 39 107 26 27 116 45 5 79 50 45 103 73 4 16 20 30 66 120 2 20 29 12 73 114 68 18 90 29 74 104 23 192
 137 22 55 94 19 25 54 69 61 100 63 42 79 11 74 39 55 49 144 51 87 65 20 146 98 16 140 75 25 59 56 14 68 84 15 140 58 8 64 38 12 236 76 39 57 57 19 69 16 9 75 81 71 72 32 23 122 31 18 73 27 39 82 41 22 37 63 32 77 57 59 15 18 46 119 47 25 211 58 51 92 96 11 26 161 48 71 54 2 14 16 36 61 176 39 16 28 68 74 87 38 24 77 42 72 102 78 31 39 28 119 86 19 48 112 46 61 143 35 104 151 13 91 110 32 95 117 34 110 59 52 147 54 33 84 32 53 172 11 20 85 34 11 19 24 15 77 36 29 13 22 44 61 40 36 50 44 32 51 38 53 18 20 38 87 35 0 255 68 31 85 151 20 78 99 24 52 109 70 216 28 6 81 36 4 84 43 19 75 40 47 35 75 34 89 31 0 99 160 40 156 56 0 49 97 51 100 120 23 142 43 33 75 135 60 26 17 15 114 85 38 14 34 11 83 47 2 26 203 12 113 50 18 17 60 24 89 41 30 41 109 28 71 45 47 85 160 71 92 44 4 117 67 43 51 76 34 91 80 54 63 82 3 64 14 44 107 193 29 140 43 20 67 108 35 34 34 10 53 125 73 12 11 8 96 62 0 41 38 11 83 65 22 16 26 7 53 60 16 25 47 14 81 56 62 66 217 23 85 40 0 54 41 22 66 79 39 156 94 25 76 33 43 144 34 34 114 41 2 106 65 55 126 73 0 15 20 37 66 168 7 18 38 13 76 99 78 19 120 26 78 121 17 255
 150 26 58 94 37 28 54 104 62 118 61 42 76 10 76 60 68 53 172 73 88 66 15 183 108 26 148 88 20 67 55 14 70 105 19 151 68 7 67 38 12 255 90 44 54 63 21 61 18 11 80 105 69 109 46 24 131 35 20 82 37 47 86 46 27 49 81 39 68 54 57 13 17 50 123 50 26 255 78 54 91 116 11 37 233 49 62 53 0 15 14 32 51 255 38 15 26 79 74 94 36 23 94 48 74 104 79 30 35 29 122 104 19 63 135 53 70 161 45 112 197 14 100 117 23 142 140 37 124 55 52 160 57 38 89 38 58 205 13 25 91 34 8 20 22 16 84 53 30 14 24 49 63 32 40 64 57 33 49 39 50 19 19 35 94 37 0 255 74 39 87 163 13 75 106 26 52 128 70 255 40 8 92 39 1 169 48 20 81 41 50 42 84 37 82 36 0 141 181 45 192 52 0 90 117 49 104 105 24 169 59 39 74 146 60 28 14 17 154 68 37 25 42 12 85 56 2 29 255 12 131 42 21 18 70 29 89 43 35 55 137 24 61 36 50 98 215 74 89 49 3 156 108 44 53 77 36 101 111 58 61 89 11 71 13 43 111 212 24 168 59 18 69 119 33 43 37 11 48 150 60 11 12 7 93 64 0 47 45 13 90 82 0 13 24 9 58 57 10 25 41 11 78 73 64 69 255 32 81 41 5 50 48 22 70 107 47 182 112 25 78 35 43 151 38 36 115 40 3 113 68 56 90 90 24 14 19 40 68 223 14 19 50 13 82 105 76 21 144 30 75 125 16 255
 162 25 54 95 38 23 56 120 64 133 60 33 79 10 84 77 70 59 176 83 79 71 13 199 107 38 158 108 25 71 68 14 69 116 25 155 73 8 68 37 12 254 96 54 58 78 23 69 23 6 80 114 59 132 58 25 132 38 16 82 42 49 89 50 28 51 94 40 70 46 52 15 15 50 128 50 22 255 91 58 92 124 8 45 255 48 64 45 3 15 18 32 51 255 27 13 34 110 79 96 46 21 109 52 78 109 81 27 35 29 114 114 12 82 143 66 75 178 48 122 234 14 94 120 16 168 150 37 120 62 51 183 65 40 94 38 57 227 12 32 89 26 8 18 21 15 73 55 26 12 16 49 63 52 40 66 55 31 57 38 47 19 20 41 89 39 0 255 79 39 91 168 18 80 105 26 52 124 73 255 45 6 96 43 2 246 50 25 87 47 51 45 86 45 86 41 0 170 195 50 218 54 0 122 137 47 108 105 24 175 67 47 81 144 63 37 16 14 179 64 31 41 45 15 82 56 2 30 255 12 133 39 17 18 73 32 92 46 32 59 150 28 64 36 52 107 235 95 88 63 3 173 134 49 51 76 33 115 124 65 65 86 22 72 11 50 110 215 22 179 71 17 69 126 30 46 47 12 48 150 68 15 11 10 93 62 0 54 52 16 94 79 37 19 29 6 58 51 6 28 37 12 84 149 58 89 255 27 82 43 0 55 44 17 65 118 51 189 125 32 79 40 51 155 43 53 118 42 2 122 73 56 130 91 0 13 15 43 62 255 15 19 57 13 82 108 74 20 165 37 77 135 22 255
